19
7
4
26
19
8
12
31
19
17
0
21
4
11
11
4
17
27
26
5
14
17
26
18
14
26
8
19
26
22
8
42
26
1
31
2
14
13
40
13
8
4
13
56
19
53
18
15
4
0
10
26
14
5
26
7
34
46
22
0
18
26
4
23
15
14
20
13
3
8
13
6
26
0
26
17
4
64
96
55
31
12
0
19
19
44
32
53
20
18
28
83
8
89
6
104
24
90
24
4
89
18
7
65
31
0
96
32
58
13
10
43
3
46
134
3
120
89
117
20
0
42
125
15
149
31
5
0
2
31
87
89
5
11
117
30
144
143
101
68
110
113
3
119
29
154
8
104
61
20
17
13
4
144
1
17
8
6
7
19
11
125
166
173
51
81
56
38
97
134
157
80
82
192
98
2
143
128
157
71
26
11
185
187
89
98
32
30
209
59
69
89
81
51
59
40
50
204
20
186
72
216
1
20
1
1
43
89
29
111
47
11
88
164
167
144
152
18
18
181
54
13
80
178
26
6
240
246
128
28
